+12040000065
+12040000101
+12040000222
+12040000252
+12040000277
+12040000393
+12040000465
+12040000565
+12040000601
+12040000722
+12040000752
+12040000777
+12040000893
+12040000965
+12040001065
+12040001101
+12040001222
+12040001252
+12040001277
+12040001393
+12040001465
+12040001565
+12040001601
+12040001722
+12040001752
+12040001777
+19050001761
+12040001965
+13060000047
+13060000115
+13060000126
+13060000140
+13060000158
+13060000211
+13060000284
+13060000384
+13060000391
+13060000461
+13060000483
+13060000547
+13060000615
+13060000626
+13060000640
+13060000658
+13060000711
+13060000784
+13060000884
+13060000891
+13060000961
+13060000983
+13060001047
+13060001115
+13060001126
+13060001140
+13060001158
+13060001211
+13060001284
+13060001384
+13060001391
+13060001461
+13060001483
+13060001547
+13060001615
+13060001626
+13060001640
+13060001658
+13060001711
+13060001784
+13060001884
+13060001891
+13060001961
+13060001983
+14030000018
+14030000036
+14030000111
+14030000176
+14030000300
+14030000315
+14030000322
+14030000327
+14030000340
+14030000390
+14030000398
+14030000400
+14030000402
+14030000418
+14030000429
+14030000434
+14030000454
+14030000466
+14030000518
+14030000536
+14030000611
+14030000676
+14030000800
+14030000815
+14030000822
+14030000827
+14030000840
+14030000890
+14030000898
+14030000900
+14030000902
+14030000918
+14030000929
+14030000934
+14030000954
+14030000966
+14030001018
+14030001036
+14030001111
+14030001176
+14030001300
+14030001315
+14030001322
+14030001327
+14030001340
+14030001390
+14030001398
+14030001400
+14030001402
+14030001418
+14030001429
+14030001434
+14030001454
+14030001466
+14030001518
+14030001536
+14030001611
+14030001676
+14030001800
+14030001815
+14030001822
+14030001827
+14030001840
+14030001890
+14030001898
+14030001900
+14030001902
+14030001918
+14030001929
+14030001934
+14030001954
+14030001966
+14044088775
+14061233001
+14061233002
+14061233003
+14161230002
+14161230004
+14161230101
+14161230102
+14164286343
+14165576926
+14165712207
+14167096364
+14167358173
+14167684506
+14167685530
+14167686379
+14167687415
+14188888888
+14199999999
+14445556666
+15060000002
+15060000015
+15060000093
+15060000123
+15060000133
+15060000161
+15060000172
+15060000233
+15060000276
+15060000334
+15060000404
+15060000411
+15060000415
+15060000459
+15060000468
+15060000472
+15060000502
+15060000515
+15060000593
+15060000623
+15060000633
+15060000661
+15060000672
+15060000733
+15060000776
+15060000834
+15060000904
+15060000911
+15060000915
+15060000959
+15060000968
+15060000972
+15060001002
+15060001015
+15060001093
+15060001123
+15060001133
+15060001161
+15060001172
+15060001233
+15060001276
+15060001334
+15060001404
+15060001411
+15060001415
+15060001459
+15060001468
+15060001472
+15060001502
+15060001515
+15060001593
+15060001623
+15060001633
+15060001661
+15060001672
+15060001733
+15060001776
+15060001834
+15060001904
+15060001911
+15060001915
+15060001959
+15060001968
+15060001972
+15140000025
+15140000027
+15140000043
+15140000048
+15140000052
+15140000068
+15140000076
+15140000077
+15140000090
+15140000097
+15140000100
+15140000102
+15140000127
+15140000134
+15140000136
+15140000143
+15140000147
+15140000150
+15140000159
+15140000166
+15140000175
+15140000177
+15140000193
+15140000204
+15140000208
+15140000223
+15140000225
+15140000234
+15140000236
+15140000240
+15140000247
+15140000268
+15140000272
+15140000273
+15140000279
+15140000283
+15140000286
+15140000293
+15140000298
+15140000316
+15140000323
+15140000325
+15140000350
+15140000351
+15140000358
+15140000361
+15140000368
+15140000372
+15140000373
+15140000376
+15140000423
+15140000425
+15140000436
+15140000443
+15140000447
+15140000475
+15140000484
+15140000486
+15140000498
+15140000525
+15140000527
+15140000543
+15140000548
+15140000552
+15140000568
+15140000576
+15140000577
+15140000590
+15140000597
+15140000600
+15140000602
+15140000627
+15140000634
+15140000636
+15140000643
+15140000647
+15140000650
+15140000659
+15140000666
+15140000675
+15140000677
+15140000693
+15140000704
+15140000708
+15140000723
+15140000725
+15140000734
+15140000736
+15140000740
+15140000747
+15140000768
+15140000772
+15140000773
+15140000779
+15140000783
+15140000786
+15140000793
+15140000798
+15140000816
+15140000823
+15140000825
+15140000850
+15140000851
+15140000858
+15140000861
+15140000868
+15140000872
+15140000873
+15140000876
+15140000923
+15140000925
+15140000936
+15140000943
+15140000947
+15140000975
+15140000984
+15140000986
+15140000998
+15140001025
+15140001027
+15140001043
+15140001048
+15140001052
+15140001068
+15140001076
+15140001077
+15140001090
+15140001097
+15140001100
+15140001102
+15140001127
+15140001134
+15140001136
+15140001143
+15140001147
+15140001150
+15140001159
+15140001166
+15140001175
+15140001177
+15140001193
+15140001204
+15140001208
+15140001223
+15140001225
+15140001234
+15140001236
+15140001240
+15140001247
+15140001268
+15140001272
+15140001273
+15140001279
+15140001283
+15140001286
+15140001293
+15140001298
+15140001316
+15140001323
+15140001325
+15140001350
+15140001351
+15140001358
+15140001361
+15140001368
+15140001372
+15140001373
+15140001376
+15140001423
+15140001425
+15140001436
+15140001443
+15140001447
+15140001475
+15140001484
+15140001486
+15140001498
+15140001525
+15140001527
+15140001543
+15140001548
+15140001552
+15140001568
+15140001576
+15140001577
+15140001590
+15140001597
+15140001600
+15140001602
+15140001627
+15140001634
+15140001636
+15140001643
+15140001647
+15140001650
+15140001659
+15140001666
+15140001675
+15140001677
+15140001693
+15140001704
+15140001708
+15140001723
+15140001725
+15140001734
+15140001736
+15140001740
+15140001747
+15140001768
+15140001772
+15140001773
+15140001779
+15140001783
+15140001786
+15140001793
+15140001798
+15140001816
+15140001823
+15140001825
+15140001850
+15140001851
+15140001858
+15140001861
+15140001868
+15140001872
+15140001873
+15140001876
+15140001923
+15140001925
+15140001936
+15140001943
+15140001947
+15140001975
+15140001984
+15140001986
+15140001998
+15141230001
+15141230002
+15141230003
+15141230006
+15141230007
+15555551111
+15555552222
+15555554444
+15555556666
+15555557777
+15555559999
+16470000000
+16470000001
+16470000002
+16470000004
+16475194618
+16475195032
+16475551111
+16475553333
+16475555555
+17090000066
+17090000086
+17090000108
+17090000566
+17090000586
+17090000608
+17090001066
+17090001086
+17090001108
+17090001566
+17090001586
+17090001608
+17780000004
+17780000022
+17780000034
+17780000040
+17780000054
+17780000059
+17780000075
+17780000079
+17780000109
+17780000116
+17780000129
+17780000141
+17780000168
+17780000186
+17780000216
+17780000226
+17780000227
+17780000243
+17780000275
+17780000326
+17780000329
+17780000333
+17780000341
+17780000347
+17780000352
+17780000375
+17780000383
+17780000409
+17780000427
+17780000441
+17780000473
+17780000479
+17780000490
+17780000491
+17780000497
+17780000500
+17780000504
+17780000522
+17780000534
+17780000540
+17780000554
+17780000559
+17780000575
+17780000579
+17780000609
+17780000616
+17780000629
+17780000641
+17780000668
+17780000686
+17780000716
+17780000726
+17780000727
+17780000743
+17780000775
+17780000826
+17780000829
+17780000833
+17780000841
+17780000847
+17780000852
+17780000875
+17780000883
+17780000909
+17780000927
+17780000941
+17780000973
+17780000979
+17780000990
+17780000991
+17780000997
+17780001000
+17780001004
+17780001022
+17780001034
+17780001040
+17780001054
+17780001059
+17780001075
+17780001079
+17780001109
+17780001116
+17780001129
+17780001141
+17780001168
+17780001186
+17780001216
+17780001226
+17780001227
+17780001243
+17780001275
+17780001326
+17780001329
+17780001333
+17780001341
+17780001347
+17780001352
+17780001375
+17780001383
+17780001409
+17780001427
+17780001441
+17780001473
+17780001479
+17780001490
+17780001491
+17780001497
+17780001500
+17780001504
+17780001522
+17780001534
+17780001540
+17780001554
+17780001559
+17780001575
+17780001579
+17780001609
+17780001616
+17780001629
+17780001641
+17780001668
+17780001686
+17780001716
+17780001726
+17780001727
+17780001743
+17780001775
+17780001826
+17780001829
+17780001833
+17780001841
+17780001847
+17780001852
+17780001875
+17780001883
+17780001909
+17780001927
+17780001941
+17780001973
+17780001979
+17780001990
+17780001991
+17780001997
+17780002000
+17781001997
+19020000011
+19020000154
+19020000179
+19020000215
+19020000250
+19020000251
+19020000254
+19020000290
+19020000354
+19020000359
+19020000366
+19020000386
+19020000448
+19020000451
+19020000493
+19020000511
+19020000654
+19020000679
+19020000715
+19020000750
+19020000751
+19020000754
+19020000790
+19020000854
+19020000859
+19020000866
+19020000886
+19020000948
+19020000951
+19020000993
+19020001011
+19020001154
+19020001179
+19020001215
+19020001250
+19020001251
+19020001254
+19020001290
+19020001354
+19020001359
+19020001366
+19020001386
+19020001448
+19020001451
+19020001493
+19020001511
+19020001654
19020001679
+19020001715
+19020001750
+19020001751
+19020001754
+19020001790
+19020001854
+19020001859
+19020001866
+19020001886
+19020001948
+19020001951
+19020001993
+19050000001
+19050000008
+19050000009
+19050000016
+19050000023
+19050000026
+19050000029
+19050000033
+19050000041
+19050000050
+19050000051
+19050000058
+19050000061
+19050000072
+19050000073
+19050000083
+19050000084
+19050000091
+19050000098
+19050000104
+19050000118
+19050000122
+19050000125
+19050000148
+19050000151
+19050000152
+19050000165
+19050000173
+19050000183
+19050000184
+19050000190
+19050000191
+19050000197
+19050000198
+19050000200
+19050000201
+19050000202
+19050000209
+19050000218
+19050000229
+19050000241
+19050000248
+19050000258
+19050000259
+19050000261
+19050000265
+19050000266
+19050000291
+19050000297
+19050000301
+19050000302
+19050000304
+19050000308
+19050000309
+19050000311
+19050000318
+19050000336
+19050000343
+19050000348
+19050000365
+19050000377
+19050000379
+19050000397
+19050000401
+19050000408
+19050000416
+19050000422
+19050000426
+19050000433
+19050000440
+19050000450
+19050000452
+19050000458
+19050000476
+19050000477
+19050000501
+19050000508
+19050000509
+19050000516
+19050000523
+19050000526
+19050000529
+19050000533
+19050000541
+19050000550
+19050000551
+19050000558
+19050000561
+19050000572
+19050000573
+19050000583
+19050000584
+19050000591
+19050000598
+19050000604
+19050000618
+19050000622
+19050000625
+19050000648
+19050000651
+19050000652
+19050000665
+19050000673
+19050000683
+19050000684
+19050000690
+19050000691
+19050000697
+19050000698
+19050000700
+19050000701
+19050000702
+19050000709
+19050000718
+19050000729
+19050000741
+19050000748
+19050000758
+19050000759
+19050000761
+19050000765
+19050000766
+19050000791
+19050000797
+19050000801
+19050000802
+19050000804
+19050000808
+19050000809
+19050000811
+19050000818
+19050000836
+19050000843
+19050000848
+19050000865
+19050000877
+19050000879
+19050000897
+19050000901
+19050000908
+19050000916
+19050000922
+19050000926
+19050000933
+19050000940
+19050000950
+19050000952
+19050000958
+19050000976
+19050000977
+19050001001
+19050001008
+19050001009
+19050001016
+19050001023
+19050001026
+19050001029
+19050001033
+19050001041
+19050001050
+19050001051
+19050001058
+19050001061
+19050001072
+19050001073
+19050001083
+19050001084
+19050001091
+19050001098
+19050001104
+19050001118
+19050001122
+19050001125
+19050001148
+19050001151
+19050001152
+19050001165
+19050001173
+19050001183
+19050001184
+19050001190
+19050001191
+19050001197
+19050001198
+19050001200
+19050001201
+19050001202
+19050001209
+19050001218
+19050001229
+19050001241
+19050001248
+19050001258
+19050001259
+19050001261
+19050001265
+19050001266
+19050001291
+19050001297
+19050001301
+19050001302
+19050001304
+19050001308
+19050001309
+19050001311
SUSPENDED
+19050001336
+19050001343
+19050001348
+19050001365
+19050001377
+19050001379
+19050001397
+19050001401
+19050001408
+19050001416
+19050001422
+19050001426
+19050001433
+19050001440
+19050001450
+19050001452
+19050001458
+19050001476
+19050001477
+19050001501
+19050001508
+19050001509
+19050001515
+19050001516
+19050001523
+19050001526
+19050001529
+19050001533
+19050001541
+19050001550
+19050001551
+19050001558
+19050001561
+19050001572
+19050001573
+19050001583
+19050001584
+19050001591
+19050001598
+19050001604
+19050001618
+19050001622
+19050001625
+19050001648
+19050001651
+19050001652
+19050001665
+19050001673
+19050001683
+19050001684
+19050001690
+19050001691
+19050001697
+19050001698
+19050001700
+19050001701
+19050001702
+19050001709
+19050001718
+19050001729
+19050001741
+19050001748
+19050001758
+19050001759
+19050001761
+19050001765
+19050001766
+19050001791
+19050001797
+19050001801
+19050001802
+19050001804
+19050001808
+19050001809
+19050001811
+19050001818
+19050001836
+19050001843
+19050001848
+19050001865
+19050001877
+19050001879
+19050001897
+19050001901
+19050001908
+19050001916
+19050001922
+19050001926
+19050001933
+19050001940
+19050001950
+19050001952
+19050001958
+19050001976
+19050001977
+19050002020
+19050003030